sid=no
ab-loop-a=2487.952133
ab-loop-b=2488.085600
